Start	End	GC
1	200	48
201	400	44
401	600	32
601	800	35
801	1000	35
1001	1200	32
1201	1400	50
1401	1600	54
1601	1800	59
1801	2000	54
2001	2200	53
2201	2400	49
2401	2600	54
2601	2800	44
2801	3000	55
3001	3200	54
3201	3400	50
3401	3600	48
3601	3800	54
3801	4000	56
4001	4200	55
4201	4400	53
4401	4600	51
4601	4800	51
4801	5000	56
5001	5200	50
5201	5400	52
5401	5600	55
5601	5800	52
5801	6000	48
6001	6200	55
6201	6400	51
6401	6600	54
6601	6800	52
6801	7000	54
7001	7200	50
7201	7400	54
7401	7600	56
7601	7800	52
7801	8000	55
8001	8200	55
8201	8400	51
8401	8600	54
8601	8800	51
8801	9000	52
9001	9200	43
9201	9400	50
9401	9600	44
9601	9800	53
9801	10000	50
10001	10200	45
10201	10400	52
10401	10600	50
10601	10800	56
10801	11000	52
11001	11200	60
11201	11400	54
11401	11600	51
11601	11800	54
11801	12000	54
12001	12200	57
12201	12400	52
12401	12600	54
12601	12800	54
12801	13000	50
13001	13200	49
13201	13400	52
13401	13600	49
13601	13800	52
13801	14000	46
14001	14200	51
14201	14400	58
14401	14600	51
14601	14800	50
14801	15000	53
15001	15200	56
15201	15400	51
15401	15600	51
15601	15800	49
15801	16000	53
16001	16200	48
16201	16400	48
16401	16600	41
16601	16800	49
16801	17000	59
17001	17200	51
17201	17400	56
17401	17600	55
17601	17800	55
17801	18000	54
18001	18200	56
18201	18400	54
18401	18600	35
18601	18800	51
18801	19000	60
19001	19200	60
19201	19400	55
19401	19600	63
19601	19800	59
19801	20000	57
20001	20200	64
20201	20400	59
20401	20600	60
20601	20800	53
20801	21000	52
21001	21200	53
21201	21400	52
21401	21600	53
21601	21800	36
21801	22000	46
22001	22200	47
22201	22400	49
22401	22600	54
22601	22800	54
22801	23000	51
23001	23200	55
23201	23400	57
23401	23600	53
23601	23800	54
23801	24000	61
24001	24200	48
24201	24400	52
24401	24600	50
24601	24800	54
24801	25000	54
25001	25200	53
25201	25400	50
25401	25600	55
25601	25800	56
25801	26000	53
26001	26200	54
26201	26400	55
26401	26600	58
26601	26800	51
26801	27000	55
27001	27200	53
27201	27400	55
27401	27600	54
27601	27800	48
27801	28000	51
28001	28200	50
28201	28400	42
28401	28600	48
28601	28800	50
28801	29000	56
29001	29200	53
29201	29400	60
29401	29600	54
29601	29800	56
29801	30000	54
30001	30200	51
30201	30400	57
30401	30600	59
30601	30800	49
30801	31000	55
31001	31200	51
31201	31400	53
31401	31600	54
31601	31800	60
31801	32000	54
32001	32200	56
32201	32400	55
32401	32600	54
32601	32800	59
32801	33000	54
33001	33200	56
33201	33400	57
33401	33600	58
33601	33800	61
33801	34000	56
34001	34200	52
34201	34400	57
34401	34600	55
34601	34800	54
34801	35000	54
35001	35200	48
35201	35400	47
35401	35600	41
35601	35800	40
35801	36000	55
36001	36200	51
36201	36400	57
36401	36600	57
36601	36800	57
36801	37000	56
37001	37200	57
37201	37400	54
37401	37600	56
37601	37800	53
37801	38000	49
38001	38200	48
38201	38400	51
38401	38600	52
38601	38800	48
38801	39000	56
39001	39200	54
39201	39400	54
39401	39600	50
39601	39800	49
39801	40000	47
40001	40200	46
40201	40400	53
40401	40600	60
40601	40800	53
40801	41000	53
41001	41200	48
41201	41400	50
41401	41600	49
41601	41800	56
41801	42000	55
42001	42200	51
42201	42400	53
42401	42600	56
42601	42800	53
42801	43000	53
43001	43200	57
43201	43400	45
43401	43600	46
43601	43800	56
43801	44000	55
44001	44200	55
44201	44400	50
44401	44600	58
44601	44800	51
44801	45000	50
45001	45200	51
45201	45400	52
45401	45600	48
45601	45800	45
45801	46000	49
46001	46200	48
46201	46400	51
46401	46600	45
46601	46800	50
46801	47000	50
47001	47200	52
47201	47400	48
47401	47600	59
47601	47800	51
47801	48000	55
48001	48200	55
48201	48400	53
48401	48600	53
48601	48800	49
48801	49000	45
49001	49200	48
49201	49400	43
49401	49600	43
49601	49800	51
49801	50000	51
50001	50200	52
50201	50400	51
50401	50600	51
50601	50800	51
50801	51000	56
51001	51200	49
51201	51400	56
51401	51600	51
51601	51800	54
51801	52000	61
52001	52200	55
52201	52400	51
52401	52600	53
52601	52800	50
52801	53000	46
53001	53200	47
53201	53400	54
53401	53600	57
53601	53800	49
53801	54000	53
54001	54200	56
54201	54400	51
54401	54600	50
54601	54800	54
54801	55000	51
55001	55200	56
55201	55400	54
55401	55600	49
55601	55800	55
55801	56000	46
56001	56200	52
56201	56400	44
56401	56600	45
56601	56800	51
56801	57000	56
57001	57200	50
57201	57400	51
57401	57600	50
57601	57800	51
57801	58000	50
58001	58200	49
58201	58400	49
58401	58600	50
58601	58800	57
58801	59000	50
59001	59200	55
59201	59400	56
59401	59600	55
59601	59800	54
59801	60000	51
60001	60200	52
60201	60400	49
60401	60600	53
60601	60800	57
60801	61000	60
61001	61200	56
61201	61400	54
61401	61600	52
61601	61800	55
61801	62000	58
62001	62200	55
62201	62400	57
62401	62600	55
62601	62800	53
62801	63000	54
63001	63200	51
63201	63400	49
63401	63600	46
63601	63800	50
63801	64000	53
64001	64200	54
64201	64400	54
64401	64600	57
64601	64800	59
64801	65000	56
65001	65200	59
65201	65400	50
65401	65600	58
65601	65800	52
65801	66000	52
66001	66200	57
66201	66400	53
66401	66600	52
66601	66800	52
66801	67000	50
67001	67200	56
67201	67400	60
67401	67600	51
67601	67800	52
67801	68000	53
68001	68200	50
68201	68400	54
68401	68600	57
68601	68800	55
68801	69000	56
69001	69200	54
69201	69400	59
69401	69600	56
69601	69800	50
69801	70000	55
70001	70200	54
70201	70400	50
70401	70600	59
70601	70800	48
70801	71000	59
71001	71200	52
71201	71400	49
71401	71600	46
71601	71800	53
71801	72000	57
72001	72200	47
72201	72400	47
72401	72600	45
72601	72800	50
72801	73000	50
73001	73200	55
73201	73400	60
73401	73600	56
73601	73800	58
73801	74000	59
74001	74200	61
74201	74400	64
74401	74600	52
74601	74800	60
74801	75000	66
75001	75200	66
75201	75400	61
75401	75600	57
75601	75800	65
75801	76000	64
76001	76200	62
76201	76400	66
76401	76600	66
76601	76800	58
76801	77000	63
77001	77200	59
77201	77400	54
77401	77600	53
77601	77800	47
77801	78000	57
78001	78200	46
78201	78400	52
78401	78600	50
78601	78800	55
78801	79000	51
79001	79200	56
79201	79400	61
79401	79600	61
79601	79800	51
79801	80000	61
80001	80200	59
80201	80400	64
80401	80600	55
80601	80800	58
80801	81000	56
81001	81200	56
81201	81400	62
81401	81600	59
81601	81800	59
81801	82000	59
82001	82200	61
82201	82400	62
82401	82600	48
82601	82800	47
82801	83000	50
83001	83200	49
83201	83400	64
83401	83600	58
83601	83800	62
83801	84000	57
84001	84200	55
84201	84400	56
84401	84600	53
84601	84800	55
84801	85000	65
85001	85200	54
85201	85400	57
85401	85600	53
85601	85800	58
85801	86000	59
86001	86200	59
86201	86400	56
86401	86600	63
86601	86800	62
86801	87000	59
87001	87200	56
87201	87400	55
87401	87600	54
87601	87800	58
87801	88000	51
88001	88200	45
88201	88400	47
88401	88600	58
88601	88800	58
88801	89000	54
89001	89200	52
89201	89400	52
89401	89600	59
89601	89800	61
89801	90000	49
90001	90200	44
90201	90400	59
90401	90600	58
90601	90800	56
90801	91000	46
91001	91200	60
91201	91400	57
91401	91600	59
91601	91800	56
91801	92000	56
92001	92200	50
92201	92400	38
92401	92600	44
92601	92800	58
92801	93000	54
93001	93200	57
93201	93400	54
93401	93600	54
93601	93800	59
93801	94000	53
94001	94200	63
94201	94400	64
94401	94600	63
94601	94800	65
94801	95000	61
95001	95200	60
95201	95400	56
95401	95600	52
95601	95800	50
95801	96000	49
96001	96200	53
96201	96400	58
96401	96600	55
96601	96800	54
96801	97000	50
97001	97200	51
97201	97400	59
97401	97600	57
97601	97800	58
97801	98000	62
98001	98200	63
98201	98400	63
98401	98600	64
98601	98800	62
98801	99000	53
99001	99200	56
99201	99400	61
99401	99600	63
99601	99800	54
99801	100000	56
100001	100200	57
100201	100400	60
100401	100600	64
100601	100800	62
100801	101000	56
101001	101200	57
101201	101400	54
101401	101600	60
101601	101800	61
101801	102000	55
102001	102200	53
102201	102400	58
102401	102600	59
102601	102800	61
102801	103000	59
103001	103200	55
103201	103400	58
103401	103600	53
103601	103800	51
103801	104000	51
104001	104200	54
104201	104400	51
104401	104600	61
104601	104800	55
104801	105000	56
105001	105200	56
105201	105400	54
105401	105600	58
105601	105800	50
105801	106000	50
106001	106200	61
106201	106400	49
106401	106600	49
106601	106800	50
106801	107000	52
107001	107200	51
107201	107400	52
107401	107600	60
107601	107800	54
107801	108000	58
108001	108200	57
108201	108400	54
108401	108600	50
108601	108800	53
108801	109000	56
109001	109200	54
109201	109400	54
109401	109600	54
109601	109800	52
109801	110000	55
110001	110200	56
110201	110400	51
110401	110600	56
110601	110800	56
110801	111000	52
111001	111200	40
111201	111400	52
111401	111600	56
111601	111800	53
111801	112000	56
112001	112200	54
112201	112400	52
112401	112600	46
112601	112800	53
112801	113000	50
113001	113200	54
113201	113400	49
113401	113600	51
113601	113800	53
113801	114000	51
114001	114200	53
114201	114400	48
114401	114600	52
114601	114800	42
114801	115000	46
115001	115200	47
115201	115400	52
115401	115600	50
115601	115800	53
115801	116000	60
116001	116200	59
116201	116400	60
116401	116600	59
116601	116800	64
116801	117000	65
117001	117200	61
117201	117400	67
117401	117600	53
117601	117800	55
117801	118000	57
118001	118200	55
118201	118400	62
118401	118600	66
118601	118800	69
118801	119000	47
119001	119200	42
119201	119400	48
119401	119600	44
119601	119800	50
119801	120000	51
120001	120200	57
120201	120400	57
120401	120600	55
120601	120800	61
120801	121000	53
121001	121200	51
121201	121400	60
121401	121600	52
121601	121800	51
121801	122000	52
122001	122200	52
122201	122400	25
122401	122600	53
122601	122800	49
122801	123000	44
123001	123200	54
123201	123400	51
123401	123600	50
123601	123800	48
123801	124000	51
124001	124200	56
124201	124400	55
124401	124600	54
124601	124800	59
124801	125000	67
125001	125200	56
125201	125400	63
125401	125600	60
125601	125800	61
125801	126000	63
126001	126200	55
126201	126400	53
126401	126600	58
126601	126800	56
126801	127000	59
127001	127200	54
127201	127400	52
127401	127600	54
127601	127800	58
127801	128000	56
128001	128200	51
128201	128400	56
128401	128600	55
128601	128800	53
128801	129000	56
129001	129200	54
129201	129400	54
129401	129600	49
129601	129800	43
129801	130000	52
130001	130200	54
130201	130400	56
130401	130600	54
130601	130800	54
130801	131000	54
131001	131200	60
131201	131400	57
131401	131600	53
131601	131800	57
131801	132000	54
132001	132200	59
132201	132400	60
132401	132600	52
132601	132800	46
132801	133000	52
133001	133200	53
133201	133400	56
133401	133600	56
133601	133800	57
133801	134000	58
134001	134200	53
134201	134400	61
134401	134600	58
134601	134800	56
134801	135000	49
135001	135200	47
135201	135400	45
135401	135600	46
135601	135800	52
135801	136000	53
136001	136200	45
136201	136400	52
136401	136600	60
136601	136800	62
136801	137000	55
137001	137200	62
137201	137400	60
137401	137600	59
137601	137800	48
137801	138000	67
138001	138200	52
138201	138400	56
138401	138600	59
138601	138800	59
138801	139000	53
139001	139200	52
139201	139400	50
139401	139600	45
139601	139800	47
139801	140000	43
140001	140200	44
140201	140400	53
140401	140600	57
140601	140800	59
140801	141000	56
141001	141200	54
141201	141400	59
141401	141600	55
141601	141800	56
141801	142000	48
142001	142200	58
142201	142400	60
142401	142600	56
142601	142800	56
142801	143000	53
143001	143200	47
143201	143400	48
143401	143600	54
143601	143800	51
143801	144000	53
144001	144200	57
144201	144400	49
144401	144600	55
144601	144800	54
144801	145000	54
145001	145200	56
145201	145400	54
145401	145600	36
145601	145800	49
145801	146000	46
146001	146200	47
146201	146400	44
146401	146600	42
146601	146800	35
146801	147000	44
147001	147200	54
147201	147400	47
147401	147600	49
147601	147800	58
147801	148000	55
148001	148200	55
148201	148400	50
148401	148600	41
148601	148800	57
148801	149000	46
149001	149200	49
149201	149400	48
149401	149600	49
149601	149800	52
149801	150000	50
150001	150200	58
150201	150400	52
150401	150600	48
150601	150800	50
150801	151000	49
151001	151200	51
151201	151400	45
151401	151600	47
151601	151800	51
151801	152000	56
152001	152200	52
152201	152400	51
152401	152600	54
152601	152800	50
152801	153000	54
153001	153200	51
153201	153400	56
153401	153600	52
153601	153800	43
153801	154000	47
154001	154200	51
154201	154400	50
154401	154600	49
154601	154800	50
154801	155000	49
155001	155200	57
155201	155400	65
155401	155600	58
155601	155800	57
155801	156000	60
156001	156200	54
156201	156400	50
156401	156600	51
156601	156800	51
156801	157000	48
157001	157200	47
157201	157400	52
157401	157600	54
157601	157800	54
157801	158000	51
158001	158200	55
158201	158400	46
158401	158600	51
158601	158800	46
158801	159000	53
159001	159200	59
159201	159400	49
159401	159600	48
159601	159800	53
159801	160000	52
160001	160200	49
160201	160400	49
160401	160600	54
160601	160800	47
160801	161000	49
161001	161200	56
161201	161400	58
161401	161600	52
161601	161800	55
161801	162000	54
162001	162200	56
162201	162400	56
162401	162600	54
162601	162800	56
162801	163000	54
163001	163200	45
163201	163400	53
163401	163600	48
163601	163800	48
163801	164000	54
164001	164200	52
164201	164400	54
164401	164600	53
164601	164800	53
164801	165000	50
165001	165200	47
165201	165400	51
165401	165600	53
165601	165800	56
165801	166000	58
166001	166200	52
166201	166400	55
166401	166600	52
166601	166800	53
166801	167000	56
167001	167200	58
167201	167400	56
167401	167600	56
167601	167800	51
167801	168000	52
168001	168200	42
168201	168400	50
168401	168600	56
168601	168800	56
168801	169000	54
169001	169200	51
169201	169400	55
169401	169600	56
169601	169800	55
169801	170000	56
170001	170200	51
170201	170400	54
170401	170600	53
170601	170800	56
170801	171000	56
171001	171200	54
171201	171400	43
171401	171600	53
171601	171800	51
171801	172000	52
172001	172200	52
172201	172400	53
172401	172600	59
172601	172800	56
172801	173000	52
173001	173200	48
173201	173400	56
173401	173600	54
173601	173800	51
173801	174000	56
174001	174200	49
174201	174400	53
174401	174600	51
174601	174800	54
174801	175000	54
175001	175200	49
175201	175400	50
175401	175600	52
175601	175800	50
175801	176000	59
176001	176200	57
176201	176400	55
176401	176600	51
176601	176800	56
176801	177000	54
177001	177200	42
177201	177400	49
177401	177600	46
177601	177800	49
177801	178000	49
178001	178200	54
178201	178400	53
178401	178600	51
178601	178800	52
178801	179000	53
179001	179200	60
179201	179400	56
179401	179600	47
179601	179800	52
179801	180000	54
180001	180200	54
180201	180400	54
180401	180600	59
180601	180800	56
180801	181000	56
181001	181200	53
181201	181400	60
181401	181600	60
181601	181800	53
181801	182000	54
182001	182200	63
182201	182400	57
182401	182600	57
182601	182800	61
182801	183000	61
183001	183200	51
183201	183400	50
183401	183600	53
183601	183800	54
183801	184000	52
184001	184200	56
184201	184400	53
184401	184600	55
184601	184800	55
184801	185000	57
185001	185200	57
185201	185400	57
185401	185600	56
185601	185800	48
185801	186000	52
186001	186200	46
186201	186400	62
186401	186600	58
186601	186800	62
186801	187000	57
187001	187200	62
187201	187400	60
187401	187600	56
187601	187800	55
187801	188000	47
188001	188200	55
188201	188400	60
188401	188600	52
188601	188800	51
188801	189000	43
189001	189200	54
189201	189400	52
189401	189600	45
189601	189800	59
189801	190000	49
190001	190200	51
190201	190400	49
190401	190600	55
190601	190800	54
190801	191000	59
191001	191200	50
191201	191400	53
191401	191600	59
191601	191800	54
191801	192000	51
192001	192200	49
192201	192400	48
192401	192600	52
192601	192800	54
192801	193000	62
193001	193200	60
193201	193400	53
193401	193600	60
193601	193800	49
193801	194000	61
194001	194200	55
194201	194400	51
194401	194600	58
194601	194800	51
194801	195000	52
195001	195200	38
195201	195400	53
195401	195600	55
195601	195800	57
195801	196000	61
196001	196200	57
196201	196400	59
196401	196600	50
196601	196800	47
196801	197000	44
197001	197200	46
197201	197400	57
197401	197600	57
197601	197800	57
197801	198000	60
198001	198200	52
198201	198400	56
198401	198600	54
198601	198800	45
198801	199000	55
199001	199200	56
199201	199400	54
199401	199600	49
199601	199800	48
199801	200000	58
200001	200200	60
200201	200400	58
200401	200600	54
200601	200800	56
200801	201000	57
201001	201200	64
201201	201400	59
201401	201600	53
201601	201800	55
201801	202000	62
202001	202200	59
202201	202400	54
202401	202600	52
202601	202800	63
202801	203000	58
203001	203200	56
203201	203400	61
203401	203600	55
203601	203800	62
203801	204000	57
204001	204200	52
204201	204400	53
204401	204600	52
204601	204800	54
204801	205000	61
205001	205200	56
205201	205400	55
205401	205600	53
205601	205800	49
205801	206000	55
206001	206200	52
206201	206400	48
206401	206600	53
206601	206800	46
206801	207000	48
207001	207200	50
207201	207400	56
207401	207600	53
207601	207800	52
207801	208000	50
208001	208200	49
208201	208400	55
208401	208600	50
208601	208800	50
208801	209000	57
209001	209200	56
209201	209400	56
209401	209600	54
209601	209800	54
209801	210000	54
210001	210200	53
210201	210400	56
210401	210600	56
210601	210800	53
210801	211000	50
211001	211200	48
211201	211400	52
211401	211600	54
211601	211800	50
211801	212000	53
212001	212200	59
212201	212400	56
212401	212600	53
212601	212800	53
212801	213000	56
213001	213200	53
213201	213400	57
213401	213600	57
213601	213800	48
213801	214000	49
214001	214200	53
214201	214400	57
214401	214600	53
214601	214800	52
214801	215000	49
215001	215200	54
215201	215400	54
215401	215600	48
215601	215800	46
215801	216000	49
216001	216200	56
216201	216400	57
216401	216600	51
216601	216800	58
216801	217000	49
217001	217200	57
217201	217400	60
217401	217600	56
217601	217800	63
217801	218000	56
218001	218200	61
218201	218400	62
218401	218600	59
218601	218800	56
218801	219000	60
219001	219200	59
219201	219400	59
219401	219600	57
219601	219800	53
219801	220000	54
220001	220200	61
220201	220400	53
220401	220600	56
220601	220800	59
220801	221000	53
221001	221200	52
221201	221400	61
221401	221600	51
221601	221800	56
221801	222000	67
222001	222200	56
222201	222400	53
222401	222600	58
222601	222800	57
222801	223000	56
223001	223200	60
223201	223400	61
223401	223600	59
223601	223800	53
223801	224000	56
224001	224200	59
224201	224400	57
224401	224600	57
224601	224800	55
224801	225000	56
225001	225200	57
225201	225400	66
225401	225600	57
225601	225800	56
225801	226000	48
226001	226200	53
226201	226400	36
226401	226600	47
226601	226800	53
226801	227000	52
227001	227200	46
227201	227400	47
227401	227600	47
227601	227800	49
227801	228000	64
228001	228200	59
228201	228400	59
228401	228600	60
228601	228800	63
228801	229000	57
229001	229200	56
229201	229400	57
229401	229600	63
229601	229800	59
229801	230000	58
230001	230200	53
230201	230400	55
230401	230600	63
230601	230800	60
230801	231000	56
231001	231200	41
231201	231400	51
231401	231600	45
231601	231800	42
231801	232000	46
232001	232200	57
232201	232400	56
232401	232600	54
232601	232800	57
232801	233000	53
233001	233200	55
233201	233400	55
233401	233600	56
233601	233800	59
233801	234000	58
234001	234200	60
234201	234400	55
234401	234600	59
234601	234800	62
234801	235000	57
235001	235200	59
235201	235400	56
235401	235600	62
235601	235800	58
235801	236000	62
236001	236200	63
236201	236400	59
236401	236600	59
236601	236800	53
236801	237000	52
237001	237200	61
237201	237400	60
237401	237600	53
237601	237800	56
237801	238000	40
238001	238200	43
238201	238400	56
238401	238600	55
238601	238800	57
238801	239000	55
239001	239200	55
239201	239400	59
239401	239600	51
239601	239800	57
239801	240000	57
240001	240200	52
240201	240400	52
240401	240600	53
240601	240800	56
240801	241000	51
241001	241200	50
241201	241400	56
241401	241600	47
241601	241800	56
241801	242000	54
242001	242200	50
242201	242400	55
242401	242600	53
242601	242800	60
242801	243000	62
243001	243200	55
243201	243400	56
243401	243600	57
243601	243800	54
243801	244000	51
244001	244200	51
244201	244400	52
244401	244600	49
244601	244800	46
244801	245000	48
245001	245200	48
245201	245400	49
245401	245600	56
245601	245800	56
245801	246000	51
246001	246200	53
246201	246400	53
246401	246600	52
246601	246800	48
246801	247000	48
247001	247200	47
247201	247400	48
247401	247600	53
247601	247800	53
247801	248000	56
248001	248200	56
248201	248400	58
248401	248600	57
248601	248800	58
248801	249000	53
249001	249200	56
249201	249400	59
249401	249600	54
249601	249800	54
249801	250000	57
250001	250200	56
250201	250400	61
250401	250600	61
250601	250800	53
250801	251000	56
251001	251200	56
251201	251400	54
251401	251600	51
251601	251800	57
251801	252000	57
252001	252200	57
252201	252400	57
252401	252600	61
252601	252800	60
252801	253000	51
253001	253200	51
253201	253400	53
253401	253600	60
253601	253800	61
253801	254000	55
254001	254200	55
254201	254400	57
254401	254600	56
254601	254800	62
254801	255000	59
255001	255200	57
255201	255400	61
255401	255600	57
255601	255800	57
255801	256000	56
256001	256200	57
256201	256400	59
256401	256600	55
256601	256800	57
256801	257000	60
257001	257200	55
257201	257400	58
257401	257600	56
257601	257800	59
257801	258000	57
258001	258200	55
258201	258400	56
258401	258600	55
258601	258800	61
258801	259000	54
259001	259200	48
259201	259400	56
259401	259600	51
259601	259800	54
259801	260000	57
260001	260200	49
260201	260400	47
260401	260600	52
260601	260800	53
260801	261000	53
261001	261200	52
261201	261400	56
261401	261600	48
261601	261800	55
261801	262000	45
262001	262200	47
262201	262400	57
262401	262600	62
262601	262800	60
262801	263000	56
263001	263200	55
263201	263400	52
263401	263600	52
263601	263800	53
263801	264000	51
264001	264200	48
264201	264400	54
264401	264600	56
264601	264800	57
264801	265000	54
265001	265200	54
265201	265400	54
265401	265600	53
265601	265800	49
265801	266000	48
266001	266200	60
266201	266400	49
266401	266600	44
266601	266800	53
266801	267000	57
267001	267200	50
267201	267400	54
267401	267600	51
267601	267800	56
267801	268000	55
268001	268200	60
268201	268400	54
268401	268600	57
268601	268800	60
268801	269000	56
269001	269200	49
269201	269400	55
269401	269600	55
269601	269800	52
269801	270000	56
270001	270200	53
270201	270400	56
270401	270600	53
270601	270800	48
270801	271000	52
271001	271200	45
271201	271400	54
271401	271600	48
271601	271800	47
271801	272000	52
272001	272200	54
272201	272400	56
272401	272600	49
272601	272800	52
272801	273000	46
273001	273200	52
273201	273400	57
273401	273600	51
273601	273800	54
273801	274000	53
274001	274200	53
274201	274400	53
274401	274600	54
274601	274800	54
274801	275000	47
275001	275200	50
275201	275400	57
275401	275600	52
275601	275800	48
275801	276000	54
276001	276200	48
276201	276400	53
276401	276600	62
276601	276800	53
276801	277000	54
277001	277200	54
277201	277400	54
277401	277600	54
277601	277800	50
277801	278000	57
278001	278200	63
278201	278400	57
278401	278600	59
278601	278800	57
278801	279000	68
279001	279200	60
279201	279400	58
279401	279600	50
279601	279800	52
279801	280000	36
280001	280200	45
280201	280400	55
280401	280600	53
280601	280800	49
280801	281000	50
281001	281200	46
281201	281400	51
281401	281600	44
281601	281800	50
281801	282000	56
282001	282200	42
282201	282400	49
282401	282600	55
282601	282800	54
282801	283000	44
283001	283200	54
283201	283400	53
283401	283600	52
283601	283800	55
283801	284000	46
284001	284200	56
284201	284400	57
284401	284600	54
284601	284800	55
284801	285000	57
285001	285200	54
285201	285400	53
285401	285600	50
285601	285800	58
285801	286000	62
286001	286200	56
286201	286400	63
286401	286600	57
286601	286800	58
286801	287000	54
287001	287200	62
287201	287400	56
287401	287600	50
287601	287800	58
287801	288000	54
288001	288200	56
288201	288400	61
288401	288600	54
288601	288800	58
288801	289000	62
289001	289200	51
289201	289400	47
289401	289600	49
289601	289800	54
289801	290000	57
290001	290200	55
290201	290400	48
290401	290600	60
290601	290800	53
290801	291000	53
291001	291200	53
291201	291400	49
291401	291600	50
291601	291800	53
291801	292000	55
292001	292200	56
292201	292400	57
292401	292600	56
292601	292800	54
292801	293000	58
293001	293200	52
293201	293400	51
293401	293600	49
293601	293800	51
293801	294000	53
294001	294200	57
294201	294400	54
294401	294600	55
294601	294800	59
294801	295000	54
295001	295200	60
295201	295400	53
295401	295600	53
295601	295800	55
295801	296000	53
296001	296200	50
296201	296400	56
296401	296600	54
296601	296800	50
296801	297000	50
297001	297200	55
297201	297400	53
297401	297600	50
297601	297800	56
297801	298000	57
298001	298200	60
298201	298400	61
298401	298600	59
298601	298800	58
298801	299000	59
299001	299200	61
299201	299400	60
299401	299600	59
299601	299800	54
299801	300000	56
300001	300200	59
300201	300400	61
300401	300600	57
300601	300800	57
300801	301000	47
301001	301200	55
301201	301400	41
301401	301600	55
301601	301800	44
301801	302000	52
302001	302200	51
302201	302400	61
302401	302600	55
302601	302800	57
302801	303000	57
303001	303200	53
303201	303400	46
303401	303600	49
303601	303800	44
303801	304000	46
304001	304200	40
304201	304400	50
304401	304600	55
304601	304800	44
304801	305000	68
305001	305200	64
305201	305400	56
305401	305600	58
305601	305800	59
305801	306000	60
306001	306200	66
306201	306400	73
306401	306600	67
306601	306800	56
306801	307000	52
307001	307200	54
307201	307400	51
307401	307600	54
307601	307800	54
307801	308000	53
308001	308200	53
308201	308400	53
308401	308600	45
308601	308800	48
308801	309000	46
309001	309200	41
309201	309400	54
309401	309600	60
309601	309800	57
309801	310000	60
310001	310200	57
310201	310400	57
310401	310600	56
310601	310800	59
310801	311000	57
311001	311200	60
311201	311400	53
311401	311600	56
311601	311800	48
311801	312000	52
312001	312200	45
312201	312400	50
312401	312600	58
312601	312800	57
312801	313000	61
313001	313200	57
313201	313400	54
313401	313600	50
313601	313800	56
313801	314000	48
314001	314200	44
314201	314400	47
314401	314600	54
314601	314800	54
314801	315000	50
315001	315200	56
315201	315400	57
315401	315600	59
315601	315800	59
315801	316000	57
316001	316200	57
316201	316400	65
316401	316600	61
316601	316800	60
316801	317000	53
317001	317200	58
317201	317400	56
317401	317600	53
317601	317800	50
317801	318000	55
318001	318200	51
318201	318400	47
318401	318600	52
318601	318800	50
318801	319000	54
319001	319200	51
319201	319400	53
319401	319600	56
319601	319800	52
319801	320000	63
320001	320200	47
320201	320400	55
320401	320600	56
320601	320800	60
320801	321000	53
321001	321200	55
321201	321400	56
321401	321600	60
321601	321800	54
321801	322000	57
322001	322200	56
322201	322400	47
322401	322600	44
322601	322800	45
322801	323000	56
323001	323200	55
323201	323400	59
323401	323600	56
323601	323800	57
323801	324000	60
324001	324200	60
324201	324400	56
324401	324600	56
324601	324800	59
324801	325000	55
325001	325200	53
325201	325400	49
325401	325600	52
325601	325800	54
325801	326000	51
326001	326200	54
326201	326400	56
326401	326600	60
326601	326800	56
326801	327000	56
327001	327200	52
327201	327400	57
327401	327600	46
327601	327800	53
327801	328000	56
328001	328200	55
328201	328400	54
328401	328600	51
328601	328800	53
328801	329000	52
329001	329200	58
329201	329400	53
329401	329600	54
329601	329800	54
329801	330000	52
330001	330200	53
330201	330400	53
330401	330600	55
330601	330800	56
330801	331000	52
331001	331200	54
331201	331400	47
331401	331600	53
331601	331800	48
331801	332000	57
332001	332200	56
332201	332400	56
332401	332600	59
332601	332800	57
332801	333000	51
333001	333200	56
333201	333400	56
333401	333600	56
333601	333800	53
333801	334000	55
334001	334200	53
334201	334400	57
334401	334600	50
334601	334800	52
334801	335000	54
335001	335200	54
335201	335400	54
335401	335600	58
335601	335800	51
335801	336000	50
336001	336200	56
336201	336400	57
336401	336600	50
336601	336800	57
336801	337000	46
337001	337200	51
337201	337400	56
337401	337600	54
337601	337800	58
337801	338000	54
338001	338200	56
338201	338400	56
338401	338600	57
338601	338800	56
338801	339000	57
339001	339200	59
339201	339400	55
339401	339600	54
339601	339800	56
339801	340000	60
340001	340200	50
340201	340400	55
340401	340600	57
340601	340800	54
340801	341000	53
341001	341200	60
341201	341400	57
341401	341600	59
341601	341800	57
341801	342000	56
342001	342200	55
342201	342400	55
342401	342600	56
342601	342800	56
342801	343000	59
343001	343200	50
343201	343400	53
343401	343600	53
343601	343800	61
343801	344000	52
344001	344200	59
344201	344400	56
344401	344600	48
344601	344800	54
344801	345000	45
345001	345200	47
345201	345400	50
345401	345600	51
345601	345800	52
345801	346000	46
346001	346200	51
346201	346400	44
346401	346600	47
346601	346800	55
346801	347000	56
347001	347200	53
347201	347400	55
347401	347600	53
347601	347800	53
347801	348000	55
348001	348200	56
348201	348400	47
348401	348600	58
348601	348800	56
348801	349000	53
349001	349200	55
349201	349400	52
349401	349600	52
349601	349800	53
349801	350000	50
350001	350200	50
350201	350400	52
350401	350600	53
350601	350800	48
350801	351000	51
351001	351200	49
351201	351400	48
351401	351600	54
351601	351800	59
351801	352000	52
352001	352200	52
352201	352400	53
352401	352600	56
352601	352800	50
352801	353000	51
353001	353200	48
353201	353400	53
353401	353600	54
353601	353800	48
353801	354000	49
354001	354200	51
354201	354400	52
354401	354600	53
354601	354800	55
354801	355000	56
355001	355200	59
355201	355400	59
355401	355600	57
355601	355800	61
355801	356000	56
356001	356200	60
356201	356400	54
356401	356600	53
356601	356800	54
356801	357000	57
357001	357200	59
357201	357400	54
357401	357600	59
357601	357800	59
357801	358000	59
358001	358200	57
358201	358400	56
358401	358600	61
358601	358800	52
358801	359000	56
359001	359200	55
359201	359400	49
359401	359600	53
359601	359800	50
359801	360000	60
360001	360200	52
360201	360400	45
360401	360600	47
360601	360800	56
360801	361000	48
361001	361200	51
361201	361400	42
361401	361600	52
361601	361800	51
361801	362000	53
362001	362200	48
362201	362400	50
362401	362600	56
362601	362800	54
362801	363000	61
363001	363200	61
363201	363400	60
363401	363600	48
363601	363800	50
363801	364000	47
364001	364200	56
364201	364400	56
364401	364600	57
364601	364800	55
364801	365000	55
365001	365200	58
365201	365400	53
365401	365600	57
365601	365800	56
365801	366000	56
366001	366200	57
366201	366400	57
366401	366600	57
366601	366800	56
366801	367000	56
367001	367200	59
367201	367400	58
367401	367600	56
367601	367800	48
367801	368000	52
368001	368200	56
368201	368400	48
368401	368600	53
368601	368800	55
368801	369000	56
369001	369200	56
369201	369400	48
369401	369600	56
369601	369800	59
369801	370000	56
370001	370200	62
370201	370400	61
370401	370600	59
370601	370800	56
370801	371000	55
371001	371200	56
371201	371400	58
371401	371600	59
371601	371800	60
371801	372000	56
372001	372200	62
372201	372400	54
372401	372600	54
372601	372800	59
372801	373000	62
373001	373200	56
373201	373400	56
373401	373600	50
373601	373800	47
373801	374000	52
374001	374200	51
374201	374400	56
374401	374600	54
374601	374800	51
374801	375000	53
375001	375200	62
375201	375400	55
375401	375600	54
375601	375800	53
375801	376000	50
376001	376200	53
376201	376400	54
376401	376600	52
376601	376800	53
376801	377000	48
377001	377200	53
377201	377400	51
377401	377600	49
377601	377800	53
377801	378000	51
378001	378200	52
378201	378400	57
378401	378600	53
378601	378800	59
378801	379000	56
379001	379200	49
379201	379400	48
379401	379600	51
379601	379800	51
379801	380000	55
380001	380200	56
380201	380400	52
380401	380600	52
380601	380800	52
380801	381000	54
381001	381200	56
381201	381400	53
381401	381600	55
381601	381800	57
381801	382000	59
382001	382200	60
382201	382400	59
382401	382600	56
382601	382800	55
382801	383000	60
383001	383200	55
383201	383400	47
383401	383600	43
383601	383800	51
383801	384000	49
384001	384200	50
384201	384400	49
384401	384600	47
384601	384800	52
384801	385000	53
385001	385200	52
385201	385400	57
385401	385600	59
385601	385800	51
385801	386000	49
386001	386200	55
386201	386400	46
386401	386600	50
386601	386800	47
386801	387000	57
387001	387200	59
387201	387400	55
387401	387600	53
387601	387800	58
387801	388000	53
388001	388200	59
388201	388400	56
388401	388600	53
388601	388800	56
388801	389000	58
389001	389200	51
389201	389400	54
389401	389600	52
389601	389800	52
389801	390000	52
390001	390200	46
390201	390400	53
390401	390600	62
390601	390800	61
390801	391000	55
391001	391200	54
391201	391400	53
391401	391600	57
391601	391800	61
391801	392000	61
392001	392200	52
392201	392400	49
392401	392600	54
392601	392800	55
392801	393000	56
393001	393200	49
393201	393400	56
393401	393600	56
393601	393800	54
393801	394000	56
394001	394200	56
394201	394400	50
394401	394600	53
394601	394800	52
394801	395000	51
395001	395200	56
395201	395400	43
395401	395600	46
395601	395800	49
395801	396000	43
396001	396200	48
396201	396400	46
396401	396600	55
396601	396800	53
396801	397000	53
397001	397200	55
397201	397400	59
397401	397600	54
397601	397800	55
397801	398000	54
398001	398200	49
398201	398400	48
398401	398600	43
398601	398800	55
398801	399000	52
399001	399200	56
399201	399400	49
399401	399600	52
399601	399800	60
399801	400000	60
400001	400200	51
400201	400400	57
400401	400600	52
400601	400800	54
400801	401000	54
401001	401200	57
401201	401400	56
401401	401600	59
401601	401800	57
401801	402000	52
402001	402200	44
402201	402400	51
402401	402600	42
402601	402800	49
402801	403000	54
403001	403200	53
403201	403400	51
403401	403600	54
403601	403800	59
403801	404000	59
404001	404200	54
404201	404400	53
404401	404600	54
404601	404800	51
404801	405000	57
405001	405200	52
405201	405400	53
405401	405600	54
405601	405800	56
405801	406000	55
406001	406200	56
406201	406400	59
406401	406600	57
406601	406800	59
406801	407000	53
407001	407200	46
407201	407400	51
407401	407600	56
407601	407800	54
407801	408000	50
408001	408200	46
408201	408400	46
408401	408600	45
408601	408800	51
408801	409000	49
409001	409200	53
409201	409400	52
409401	409600	47
409601	409800	47
409801	410000	54
410001	410200	48
410201	410400	62
410401	410600	45
410601	410800	45
410801	411000	55
411001	411200	48
411201	411400	51
411401	411600	56
411601	411800	57
411801	412000	52
412001	412200	56
412201	412400	62
412401	412600	61
412601	412800	57
412801	413000	54
413001	413200	49
413201	413400	51
413401	413600	53
413601	413800	57
413801	414000	60
414001	414200	55
414201	414400	58
414401	414600	57
414601	414800	53
414801	415000	60
415001	415200	54
415201	415400	55
415401	415600	56
415601	415800	57
415801	416000	57
416001	416200	57
416201	416400	54
416401	416600	50
416601	416800	46
416801	417000	53
417001	417200	49
417201	417400	50
417401	417600	52
417601	417800	42
417801	418000	47
418001	418200	57
418201	418400	55
418401	418600	54
418601	418800	60
418801	419000	55
419001	419200	52
419201	419400	44
419401	419600	51
419601	419800	53
419801	420000	56
420001	420200	54
420201	420400	61
420401	420600	48
420601	420800	50
420801	421000	52
421001	421200	50
421201	421400	55
421401	421600	51
421601	421800	53
421801	422000	57
422001	422200	56
422201	422400	51
422401	422600	54
422601	422800	55
422801	423000	54
423001	423200	61
423201	423400	49
423401	423600	54
423601	423800	49
423801	424000	56
424001	424200	55
424201	424400	54
424401	424600	57
424601	424800	55
424801	425000	55
425001	425200	53
425201	425400	48
425401	425600	47
425601	425800	47
425801	426000	48
426001	426200	47
426201	426400	53
426401	426600	48
426601	426800	47
426801	427000	53
427001	427200	55
427201	427400	50
427401	427600	50
427601	427800	45
427801	428000	56
428001	428200	53
428201	428400	49
428401	428600	49
428601	428800	61
428801	429000	59
429001	429200	54
429201	429400	53
429401	429600	56
429601	429800	56
429801	430000	52
430001	430200	56
430201	430400	50
430401	430600	49
430601	430800	52
430801	431000	52
431001	431200	51
431201	431400	56
431401	431600	57
431601	431800	54
431801	432000	49
432001	432200	54
432201	432400	51
432401	432600	54
432601	432800	56
432801	433000	56
433001	433200	56
433201	433400	56
433401	433600	56
433601	433800	56
433801	434000	57
434001	434200	60
434201	434400	61
434401	434600	57
434601	434800	46
434801	435000	45
435001	435200	49
435201	435400	55
435401	435600	53
435601	435800	55
435801	436000	50
436001	436200	58
436201	436400	51
436401	436600	52
436601	436800	48
436801	437000	54
437001	437200	52
437201	437400	54
437401	437600	56
437601	437800	51
437801	438000	46
438001	438200	50
438201	438400	53
438401	438600	51
438601	438800	54
438801	439000	47
439001	439200	52
439201	439400	54
439401	439600	45
439601	439800	48
439801	440000	55
440001	440200	48
440201	440400	52
440401	440600	50
440601	440800	51
440801	441000	52
441001	441200	45
441201	441400	52
441401	441600	52
441601	441800	51
441801	442000	49
442001	442200	54
442201	442400	50
442401	442600	54
442601	442800	49
442801	443000	46
443001	443200	42
443201	443400	49
443401	443600	58
443601	443800	53
443801	444000	55
444001	444200	48
444201	444400	56
444401	444600	50
444601	444800	48
444801	445000	60
445001	445200	56
445201	445400	59
445401	445600	62
445601	445800	53
445801	446000	57
446001	446200	71
446201	446400	61
446401	446600	49
446601	446800	49
446801	447000	48
447001	447200	48
447201	447400	56
447401	447600	55
447601	447800	55
447801	448000	56
448001	448200	56
448201	448400	58
448401	448600	51
448601	448800	52
448801	449000	55
449001	449200	59
449201	449400	53
449401	449600	56
449601	449800	51
449801	450000	52
450001	450200	51
450201	450400	57
450401	450600	59
450601	450800	46
450801	451000	57
451001	451200	54
451201	451400	62
451401	451600	50
451601	451800	55
451801	452000	50
452001	452200	53
452201	452400	48
452401	452600	52
452601	452800	44
452801	453000	51
453001	453200	50
453201	453400	53
453401	453600	56
453601	453800	62
453801	454000	60
454001	454200	57
454201	454400	56
454401	454600	51
454601	454800	46
454801	455000	51
455001	455200	47
455201	455400	47
455401	455600	46
455601	455800	52
455801	456000	49
456001	456200	53
456201	456400	54
456401	456600	47
456601	456800	50
456801	457000	56
457001	457200	46
457201	457400	53
457401	457600	53
457601	457800	54
457801	458000	55
458001	458200	50
458201	458400	52
458401	458600	50
458601	458800	48
458801	459000	49
459001	459200	55
459201	459400	56
459401	459600	56
459601	459800	52
459801	460000	51
460001	460200	48
460201	460400	51
460401	460600	46
460601	460800	51
460801	461000	55
461001	461200	65
461201	461400	63
461401	461600	51
461601	461800	46
461801	462000	52
462001	462200	41
462201	462400	43
462401	462600	46
462601	462800	52
462801	463000	49
463001	463200	48
463201	463400	61
463401	463600	57
463601	463800	58
463801	464000	66
464001	464200	59
464201	464400	28
464401	464600	59
464601	464800	62
464801	465000	55
465001	465200	59
465201	465400	56
465401	465600	55
465601	465800	61
465801	466000	54
466001	466200	55
466201	466400	54
466401	466600	55
466601	466800	56
466801	467000	59
467001	467200	56
467201	467400	58
467401	467600	56
467601	467800	58
467801	468000	56
468001	468200	60
468201	468400	58
468401	468600	60
468601	468800	54
468801	469000	59
469001	469200	63
469201	469400	59
469401	469600	62
469601	469800	60
469801	470000	56
470001	470200	50
470201	470400	45
470401	470600	49
470601	470800	52
470801	471000	50
471001	471200	52
471201	471400	53
471401	471600	58
471601	471800	55
471801	472000	55
472001	472200	52
472201	472400	53
472401	472600	52
472601	472800	51
472801	473000	54
473001	473200	51
473201	473400	53
473401	473600	53
473601	473800	50
473801	474000	41
474001	474200	45
474201	474400	49
474401	474600	56
474601	474800	48
474801	475000	47
475001	475200	45
475201	475400	49
475401	475600	54
475601	475800	48
475801	476000	49
476001	476200	51
476201	476400	47
476401	476600	41
476601	476800	49
476801	477000	55
477001	477200	54
477201	477400	54
477401	477600	50
477601	477800	51
477801	478000	55
478001	478200	52
478201	478400	52
478401	478600	59
478601	478800	55
478801	479000	63
479001	479200	56
479201	479400	58
479401	479600	54
479601	479800	57
479801	480000	58
480001	480200	57
480201	480400	62
480401	480600	59
480601	480800	58
480801	481000	57
481001	481200	48
481201	481400	46
481401	481600	49
481601	481800	53
481801	482000	49
482001	482200	57
482201	482400	60
482401	482600	55
482601	482800	47
482801	483000	47
483001	483200	52
483201	483400	53
483401	483600	46
483601	483800	56
483801	484000	53
484001	484200	54
484201	484400	50
484401	484600	54
484601	484800	48
484801	485000	54
485001	485200	58
485201	485400	51
485401	485600	52
485601	485800	53
485801	486000	50
486001	486200	56
486201	486400	50
486401	486600	54
486601	486800	55
486801	487000	56
487001	487200	57
487201	487400	48
487401	487600	49
487601	487800	51
487801	488000	56
488001	488200	51
488201	488400	51
488401	488600	53
488601	488800	57
488801	489000	59
489001	489200	50
489201	489400	46
489401	489600	46
489601	489800	48
489801	490000	60
490001	490200	57
490201	490400	55
490401	490600	55
490601	490800	57
490801	491000	55
491001	491200	57
491201	491400	56
491401	491600	53
491601	491800	51
491801	492000	55
492001	492200	54
492201	492400	53
492401	492600	56
492601	492800	55
492801	493000	46
493001	493200	42
493201	493400	46
493401	493600	49
493601	493800	48
493801	494000	47
494001	494200	50
494201	494400	50
494401	494600	50
494601	494800	54
494801	495000	57
495001	495200	47
495201	495400	48
495401	495600	50
495601	495800	54
495801	496000	60
496001	496200	47
496201	496400	48
496401	496600	51
496601	496800	54
496801	497000	50
497001	497200	53
497201	497400	50
497401	497600	56
497601	497800	50
497801	498000	53
498001	498200	47
498201	498400	51
498401	498600	58
498601	498800	57
498801	499000	57
499001	499200	55
499201	499400	58
499401	499600	56
499601	499800	53
499801	500000	57
500001	500200	53
500201	500400	57
500401	500600	47
500601	500800	49
500801	501000	44
501001	501200	51
501201	501400	54
501401	501600	50
501601	501800	52
501801	502000	52
502001	502200	45
502201	502400	53
502401	502600	56
502601	502800	59
502801	503000	56
503001	503200	48
503201	503400	57
503401	503600	61
503601	503800	53
503801	504000	53
504001	504200	56
504201	504400	54
504401	504600	59
504601	504800	59
504801	505000	53
505001	505200	56
505201	505400	58
505401	505600	58
505601	505800	51
505801	506000	52
506001	506200	50
506201	506400	43
506401	506600	44
506601	506800	45
506801	507000	47
507001	507200	47
507201	507400	46
507401	507600	60
507601	507800	50
507801	508000	54
508001	508200	53
508201	508400	53
508401	508600	54
508601	508800	53
508801	509000	54
509001	509200	56
509201	509400	56
509401	509600	58
509601	509800	52
509801	510000	56
510001	510200	55
510201	510400	47
510401	510600	48
510601	510800	51
510801	511000	46
511001	511200	52
511201	511400	53
511401	511600	52
511601	511800	49
511801	512000	54
512001	512200	47
512201	512400	49
512401	512600	57
512601	512800	52
512801	513000	53
513001	513200	56
513201	513400	53
513401	513600	52
513601	513800	59
513801	514000	43
514001	514200	50
514201	514400	41
514401	514600	55
514601	514800	51
514801	515000	56
515001	515200	53
515201	515400	50
515401	515600	56
515601	515800	46
515801	516000	46
516001	516200	54
516201	516400	45
516401	516600	49
516601	516800	47
516801	517000	49
517001	517200	56
517201	517400	51
517401	517600	52
517601	517800	51
517801	518000	52
518001	518200	49
518201	518400	50
518401	518600	55
518601	518800	54
518801	519000	52
519001	519200	56
519201	519400	46
519401	519600	53
519601	519800	52
519801	520000	43
520001	520200	49
520201	520400	52
520401	520600	48
520601	520800	53
520801	521000	51
521001	521200	50
521201	521400	49
521401	521600	64
521601	521800	54
521801	522000	54
522001	522200	56
522201	522400	46
522401	522600	47
522601	522800	49
522801	523000	46
523001	523200	49
523201	523400	53
523401	523600	47
523601	523800	56
523801	524000	51
524001	524200	47
524201	524400	44
524401	524600	56
524601	524800	47
524801	525000	46
525001	525200	52
525201	525400	46
525401	525600	52
525601	525800	54
525801	526000	51
526001	526200	47
526201	526400	49
526401	526600	52
526601	526800	51
526801	527000	54
527001	527200	46
527201	527400	45
527401	527600	43
527601	527800	55
527801	528000	56
528001	528200	55
528201	528400	51
528401	528600	48
528601	528800	46
528801	529000	47
529001	529200	51
529201	529400	52
529401	529600	49
529601	529800	53
529801	530000	49
530001	530200	55
530201	530400	56
530401	530600	54
530601	530800	26
530801	531000	52
531001	531200	56
531201	531400	51
531401	531600	57
531601	531800	55
531801	532000	59
532001	532200	57
532201	532400	55
532401	532600	53
532601	532800	49
532801	533000	52
533001	533200	54
533201	533400	53
533401	533600	45
533601	533800	55
533801	534000	54
534001	534200	51
534201	534400	52
534401	534600	50
534601	534800	51
534801	535000	53
535001	535200	53
535201	535400	51
535401	535600	50
535601	535800	48
535801	536000	62
536001	536200	60
536201	536400	54
536401	536600	52
536601	536800	52
536801	537000	47
537001	537200	46
537201	537400	47
537401	537600	45
537601	537800	45
537801	538000	55
538001	538200	51
538201	538400	49
538401	538600	58
538601	538800	56
538801	539000	56
539001	539200	55
539201	539400	46
539401	539600	53
539601	539800	54
539801	540000	53
540001	540200	55
540201	540400	50
540401	540600	58
540601	540800	53
540801	541000	54
541001	541200	51
541201	541400	54
541401	541600	55
541601	541800	44
541801	542000	51
542001	542200	61
542201	542400	57
542401	542600	57
542601	542800	56
542801	543000	60
543001	543200	57
543201	543400	58
543401	543600	59
543601	543800	56
543801	544000	56
544001	544200	56
544201	544400	57
544401	544600	47
544601	544800	57
544801	545000	52
545001	545200	48
545201	545400	46
545401	545600	49
545601	545800	55
545801	546000	50
546001	546200	46
546201	546400	51
546401	546600	44
546601	546800	48
546801	547000	55
547001	547200	55
547201	547400	55
547401	547600	54
547601	547800	54
547801	548000	49
548001	548200	61
548201	548400	61
548401	548600	57
548601	548800	57
548801	549000	59
549001	549200	65
549201	549400	46
549401	549600	56
549601	549800	50
549801	550000	49
550001	550200	54
550201	550400	62
550401	550600	55
550601	550800	53
550801	551000	56
551001	551200	51
551201	551400	55
551401	551600	59
551601	551800	56
551801	552000	47
552001	552200	51
552201	552400	48
552401	552600	57
552601	552800	61
552801	553000	61
553001	553200	62
553201	553400	55
553401	553600	60
553601	553800	48
553801	554000	54
554001	554200	58
554201	554400	59
554401	554600	54
554601	554800	57
554801	555000	58
555001	555200	61
555201	555400	48
555401	555600	55
555601	555800	43
555801	556000	56
556001	556200	58
556201	556400	65
556401	556600	62
556601	556800	56
556801	557000	63
557001	557200	61
557201	557400	57
557401	557600	62
557601	557800	52
557801	558000	54
558001	558200	58
558201	558400	54
558401	558600	42
558601	558800	47
558801	559000	49
559001	559200	50
559201	559400	51
559401	559600	51
559601	559800	54
559801	560000	52
560001	560200	45
560201	560400	56
560401	560600	64
560601	560800	56
560801	561000	57
561001	561200	56
561201	561400	60
561401	561600	60
561601	561800	59
561801	562000	56
562001	562200	55
562201	562400	53
562401	562600	57
562601	562800	53
562801	563000	52
563001	563200	53
563201	563400	53
563401	563600	49
563601	563800	54
563801	564000	43
564001	564200	53
564201	564400	59
564401	564600	64
564601	564800	62
564801	565000	61
565001	565200	63
565201	565400	59
565401	565600	63
565601	565800	61
565801	566000	62
566001	566200	64
566201	566400	61
566401	566600	63
566601	566800	63
566801	567000	59
567001	567200	61
567201	567400	59
567401	567600	60
567601	567800	56
567801	568000	60
568001	568200	51
568201	568400	47
568401	568600	50
568601	568800	52
568801	569000	50
569001	569200	54
569201	569400	47
569401	569600	47
569601	569800	43
569801	570000	51
570001	570200	49
570201	570400	47
570401	570600	53
570601	570800	52
570801	571000	56
571001	571200	51
571201	571400	53
571401	571600	59
571601	571800	57
571801	572000	55
572001	572200	51
572201	572400	51
572401	572600	46
572601	572800	53
572801	573000	54
573001	573200	56
573201	573400	52
573401	573600	55
573601	573800	52
573801	574000	54
574001	574200	55
574201	574400	55
574401	574600	56
574601	574800	51
574801	575000	44
575001	575200	57
575201	575400	49
575401	575600	58
575601	575800	62
575801	576000	56
576001	576200	53
576201	576400	60
576401	576600	57
576601	576800	51
576801	577000	47
577001	577200	52
577201	577400	56
577401	577600	56
577601	577800	50
577801	578000	51
578001	578200	59
578201	578400	52
578401	578600	56
578601	578800	56
578801	579000	54
579001	579200	46
579201	579400	50
579401	579600	63
579601	579800	55
579801	580000	52
580001	580200	56
580201	580400	45
580401	580600	50
580601	580800	49
580801	581000	51
581001	581200	47
581201	581400	56
581401	581600	53
581601	581800	48
581801	582000	53
582001	582200	51
582201	582400	48
582401	582600	53
582601	582800	55
582801	583000	54
583001	583200	51
583201	583400	53
583401	583600	55
583601	583800	56
583801	584000	54
584001	584200	45
584201	584400	44
584401	584600	50
584601	584800	51
584801	585000	52
585001	585200	51
585201	585400	50
585401	585600	34
585601	585800	46
585801	586000	50
586001	586200	57
586201	586400	53
586401	586600	56
586601	586800	59
586801	587000	55
587001	587200	50
587201	587400	45
587401	587600	43
587601	587800	48
587801	588000	49
588001	588200	48
588201	588400	54
588401	588600	51
588601	588800	49
588801	589000	52
589001	589200	50
589201	589400	54
589401	589600	56
589601	589800	51
589801	590000	53
590001	590200	54
590201	590400	52
590401	590600	54
590601	590800	50
590801	591000	59
591001	591200	45
591201	591400	43
591401	591600	46
591601	591800	43
591801	592000	50
592001	592200	53
592201	592400	60
592401	592600	52
592601	592800	50
592801	593000	48
593001	593200	52
593201	593400	56
593401	593600	62
593601	593800	59
593801	594000	60
594001	594200	57
594201	594400	62
594401	594600	55
594601	594800	55
594801	595000	60
595001	595200	61
595201	595400	53
595401	595600	51
595601	595800	50
595801	596000	59
596001	596200	56
596201	596400	57
596401	596600	59
596601	596800	59
596801	597000	55
597001	597200	53
597201	597400	49
597401	597600	46
597601	597800	55
597801	598000	57
598001	598200	60
598201	598400	53
598401	598600	57
598601	598800	57
598801	599000	56
599001	599200	59
599201	599400	56
599401	599600	56
599601	599800	56
599801	600000	56
600001	600200	48
600201	600400	59
600401	600600	53
600601	600800	60
600801	601000	60
601001	601200	51
601201	601400	47
601401	601600	45
601601	601800	57
601801	602000	58
602001	602200	56
602201	602400	53
602401	602600	59
602601	602800	57
602801	603000	57
603001	603200	56
603201	603400	58
603401	603600	54
603601	603800	48
603801	604000	50
604001	604200	51
604201	604400	44
604401	604600	54
604601	604800	46
604801	605000	50
605001	605200	51
605201	605400	50
605401	605600	55
605601	605800	60
605801	606000	52
606001	606200	54
606201	606400	53
606401	606600	56
606601	606800	47
606801	607000	52
607001	607200	50
607201	607400	45
607401	607600	23
607601	607800	50
607801	608000	47
608001	608200	50
608201	608400	52
608401	608600	41
608601	608800	59
608801	609000	55
609001	609200	54
609201	609400	54
609401	609600	56
609601	609800	59
609801	610000	46
610001	610200	50
610201	610400	55
610401	610600	57
610601	610800	54
610801	611000	54
611001	611200	57
611201	611400	60
611401	611600	50
611601	611800	43
611801	612000	52
612001	612200	49
612201	612400	46
612401	612600	46
612601	612800	53
612801	613000	56
613001	613200	61
613201	613400	52
613401	613600	55
613601	613800	54
613801	614000	57
614001	614200	50
614201	614400	56
614401	614600	56
614601	614800	49
614801	615000	50
615001	615200	60
615201	615400	55
615401	615600	50
615601	615800	59
615801	616000	56
616001	616200	50
616201	616400	54
616401	616600	53
616601	616800	45
616801	617000	51
617001	617200	51
617201	617400	44
617401	617600	53
617601	617800	52
617801	618000	54
618001	618200	54
618201	618400	56
618401	618600	53
618601	618800	58
618801	619000	51
619001	619200	53
619201	619400	55
619401	619600	56
619601	619800	56
619801	620000	56
620001	620200	57
620201	620400	54
620401	620600	51
620601	620800	56
620801	621000	35
621001	621200	52
621201	621400	47
621401	621600	49
621601	621800	52
621801	622000	54
622001	622200	52
622201	622400	52
622401	622600	53
622601	622800	46
622801	623000	52
623001	623200	57
623201	623400	51
623401	623600	48
623601	623800	50
623801	624000	48
624001	624200	54
624201	624400	47
624401	624600	54
624601	624800	56
624801	625000	51
625001	625200	50
625201	625400	64
625401	625600	61
625601	625800	58
625801	626000	62
626001	626200	64
626201	626400	56
626401	626600	57
626601	626800	60
626801	627000	60
627001	627200	63
627201	627400	60
627401	627600	61
627601	627800	59
627801	628000	64
628001	628200	60
628201	628400	65
628401	628600	59
628601	628800	52
628801	629000	53
629001	629200	59
629201	629400	59
629401	629600	56
629601	629800	59
629801	630000	55
630001	630200	52
630201	630400	53
630401	630600	46
630601	630800	53
630801	631000	54
631001	631200	51
631201	631400	55
631401	631600	54
631601	631800	53
631801	632000	53
632001	632200	53
632201	632400	55
632401	632600	44
632601	632800	52
632801	633000	54
633001	633200	46
633201	633400	53
633401	633600	55
633601	633800	56
633801	634000	56
634001	634200	55
634201	634400	59
634401	634600	59
634601	634800	56
634801	635000	55
635001	635200	64
635201	635400	56
635401	635600	57
635601	635800	50
635801	636000	58
636001	636200	59
636201	636400	56
636401	636600	51
636601	636800	55
636801	637000	54
637001	637200	56
637201	637400	56
637401	637600	54
637601	637800	58
637801	638000	55
638001	638200	52
638201	638400	53
638401	638600	56
638601	638800	62
638801	639000	51
639001	639200	56
639201	639400	55
639401	639600	50
639601	639800	59
639801	640000	56
640001	640200	55
640201	640400	61
640401	640600	54
640601	640800	59
640801	641000	62
641001	641200	55
641201	641400	60
641401	641600	56
641601	641800	58
641801	642000	56
642001	642200	58
642201	642400	61
642401	642600	59
642601	642800	61
642801	643000	62
643001	643200	58
643201	643400	60
643401	643600	60
643601	643800	60
643801	644000	57
644001	644200	56
644201	644400	60
644401	644600	59
644601	644800	54
644801	645000	57
645001	645200	48
645201	645400	56
645401	645600	50
645601	645800	49
645801	646000	50
646001	646200	44
646201	646400	51
646401	646600	55
646601	646800	57
646801	647000	63
647001	647200	58
647201	647400	56
647401	647600	54
647601	647800	49
647801	648000	56
648001	648200	51
648201	648400	52
648401	648600	47
648601	648800	38
648801	649000	54
649001	649200	54
649201	649400	54
649401	649600	55
649601	649800	62
649801	650000	58
650001	650200	60
650201	650400	57
650401	650600	57
650601	650800	55
650801	651000	47
651001	651200	56
651201	651400	56
651401	651600	57
651601	651800	54
651801	652000	55
652001	652200	58
652201	652400	56
652401	652600	52
652601	652800	55
652801	653000	60
653001	653200	54
653201	653400	42
653401	653600	46
653601	653800	50
653801	654000	47
654001	654200	48
654201	654400	49
654401	654600	51
654601	654800	59
654801	655000	53
655001	655200	57
655201	655400	54
655401	655600	61
655601	655800	63
655801	656000	56
656001	656200	55
656201	656400	54
656401	656600	56
656601	656800	53
656801	657000	54
657001	657200	56
657201	657400	54
657401	657600	53
657601	657800	61
657801	658000	54
658001	658200	53
658201	658400	51
658401	658600	52
658601	658800	59
658801	659000	51
659001	659200	46
659201	659400	48
659401	659600	48
659601	659800	50
659801	660000	55
660001	660200	52
660201	660400	61
660401	660600	57
660601	660800	57
660801	661000	56
661001	661200	59
661201	661400	56
661401	661600	52
661601	661800	57
661801	662000	56
662001	662200	56
662201	662400	57
662401	662600	56
662601	662800	60
662801	663000	54
663001	663200	62
663201	663400	59
663401	663600	54
663601	663800	55
663801	664000	37
664001	664200	49
664201	664400	55
664401	664600	55
664601	664800	54
664801	665000	60
665001	665200	59
665201	665400	54
665401	665600	53
665601	665800	54
665801	666000	61
666001	666200	58
666201	666400	55
666401	666600	50
666601	666800	57
666801	667000	57
667001	667200	60
667201	667400	57
667401	667600	56
667601	667800	58
667801	668000	55
668001	668200	54
668201	668400	56
668401	668600	57
668601	668800	59
668801	669000	52
669001	669200	53
669201	669400	57
669401	669600	53
669601	669800	55
669801	670000	52
670001	670200	55
670201	670400	56
670401	670600	52
670601	670800	50
670801	671000	47
671001	671200	47
671201	671400	52
671401	671600	56
671601	671800	50
671801	672000	56
672001	672200	56
672201	672400	52
672401	672600	54
672601	672800	55
672801	673000	55
673001	673200	57
673201	673400	50
673401	673600	55
673601	673800	53
673801	674000	59
674001	674200	55
674201	674400	56
674401	674600	52
674601	674800	52
674801	675000	55
675001	675200	56
675201	675400	56
675401	675600	50
675601	675800	50
675801	676000	52
676001	676200	59
676201	676400	48
676401	676600	51
676601	676800	51
676801	677000	54
677001	677200	54
677201	677400	48
677401	677600	50
677601	677800	50
677801	678000	54
678001	678200	51
678201	678400	57
678401	678600	55
678601	678800	52
678801	679000	52
679001	679200	54
679201	679400	56
679401	679600	51
679601	679800	53
679801	680000	50
680001	680200	52
680201	680400	53
680401	680600	51
680601	680800	54
680801	681000	39
681001	681200	49
681201	681400	54
681401	681600	54
681601	681800	51
681801	682000	59
682001	682200	51
682201	682400	56
682401	682600	50
682601	682800	57
682801	683000	57
683001	683200	55
683201	683400	45
683401	683600	54
683601	683800	53
683801	684000	58
684001	684200	48
684201	684400	53
684401	684600	52
684601	684800	48
684801	685000	51
685001	685200	54
685201	685400	55
685401	685600	52
685601	685800	51
685801	686000	56
686001	686200	52
686201	686400	52
686401	686600	52
686601	686800	53
686801	687000	54
687001	687200	52
687201	687400	56
687401	687600	47
687601	687800	59
687801	688000	46
688001	688200	60
688201	688400	54
688401	688600	55
688601	688800	52
688801	689000	55
689001	689200	56
689201	689400	53
689401	689600	56
689601	689800	57
689801	690000	58
690001	690200	56
690201	690400	56
690401	690600	48
690601	690800	56
690801	691000	52
691001	691200	50
691201	691400	49
691401	691600	46
691601	691800	51
691801	692000	50
692001	692200	53
692201	692400	52
692401	692600	56
692601	692800	54
692801	693000	51
693001	693200	47
693201	693400	49
693401	693600	49
693601	693800	55
693801	694000	53
694001	694200	53
694201	694400	52
694401	694600	53
694601	694800	50
694801	695000	53
695001	695200	51
695201	695400	56
695401	695600	50
695601	695800	44
695801	696000	50
696001	696200	51
696201	696400	53
696401	696600	52
696601	696800	56
696801	697000	44
697001	697200	52
697201	697400	58
697401	697600	57
697601	697800	59
697801	698000	55
698001	698200	53
698201	698400	53
698401	698600	53
698601	698800	50
698801	699000	49
699001	699200	51
699201	699400	55
699401	699600	54
699601	699800	56
699801	700000	54
700001	700200	50
700201	700400	46
700401	700600	48
700601	700800	50
700801	701000	51
701001	701200	57
701201	701400	53
701401	701600	52
701601	701800	61
701801	702000	55
702001	702200	57
702201	702400	56
702401	702600	52
702601	702800	54
702801	703000	54
703001	703200	54
703201	703400	54
703401	703600	52
703601	703800	53
703801	704000	54
704001	704200	56
704201	704400	58
704401	704600	57
704601	704800	56
704801	705000	43
705001	705200	58
705201	705400	58
705401	705600	54
705601	705800	35
705801	706000	49
706001	706200	59
706201	706400	55
706401	706600	54
706601	706800	54
706801	707000	56
707001	707200	55
707201	707400	55
707401	707600	42
707601	707800	49
707801	708000	54
708001	708200	56
708201	708400	55
708401	708600	59
708601	708800	53
708801	709000	49
709001	709200	54
709201	709400	61
709401	709600	63
709601	709800	56
709801	710000	56
710001	710200	60
710201	710400	64
710401	710600	44
710601	710800	55
710801	711000	52
711001	711200	51
711201	711400	53
711401	711600	52
711601	711800	49
711801	712000	56
712001	712200	51
712201	712400	59
712401	712600	49
712601	712800	49
712801	713000	53
713001	713200	56
713201	713400	52
713401	713600	58
713601	713800	53
713801	714000	53
714001	714200	55
714201	714400	55
714401	714600	54
714601	714800	50
714801	715000	54
715001	715200	56
715201	715400	52
715401	715600	50
715601	715800	51
715801	716000	45
716001	716200	44
716201	716400	50
716401	716600	61
716601	716800	56
716801	717000	55
717001	717200	58
717201	717400	56
717401	717600	57
717601	717800	55
717801	718000	57
718001	718200	54
718201	718400	54
718401	718600	55
718601	718800	54
718801	719000	57
719001	719200	58
719201	719400	53
719401	719600	46
719601	719800	48
719801	720000	56
720001	720200	52
720201	720400	55
720401	720600	56
720601	720800	54
720801	721000	49
721001	721200	51
721201	721400	52
721401	721600	53
721601	721800	51
721801	722000	48
722001	722200	51
722201	722400	54
722401	722600	43
722601	722800	47
722801	723000	54
723001	723200	58
723201	723400	61
723401	723600	50
723601	723800	55
723801	724000	47
724001	724200	51
724201	724400	48
724401	724600	44
724601	724800	52
724801	725000	51
725001	725200	53
725201	725400	52
725401	725600	53
725601	725800	53
725801	726000	58
726001	726200	54
726201	726400	53
726401	726600	59
726601	726800	57
726801	727000	51
727001	727200	53
727201	727400	55
727401	727600	55
727601	727800	45
727801	728000	51
728001	728200	55
728201	728400	47
728401	728600	53
728601	728800	51
728801	729000	47
729001	729200	60
729201	729400	56
729401	729600	54
729601	729800	50
729801	730000	52
730001	730200	46
730201	730400	53
730401	730600	48
730601	730800	52
730801	731000	49
731001	731200	45
731201	731400	53
731401	731600	56
731601	731800	59
731801	732000	51
732001	732200	61
732201	732400	53
732401	732600	54
732601	732800	52
732801	733000	55
733001	733200	53
733201	733400	53
733401	733600	52
733601	733800	51
